0 0.0 0.0
100000 0.049999999999999996 6.662709504799798e-19
200000 0.09999999999999999 1.9539234471062964e-18
300000 0.15 3.157872307718964e-18
400000 0.19999999999999998 4.8831660652031325e-18
500000 0.25 7.062231331207209e-18
600000 0.3 8.791994141367346e-18
700000 0.35 1.0101499586546074e-17
800000 0.39999999999999997 1.1383191092748592e-17
900000 0.44999999999999996 1.3097736667767085e-17
1000000 0.5 1.456931247734946e-17
1100000 0.5499999999999999 1.599666246420539e-17
1200000 0.6 1.7288200984785407e-17
1300000 0.65 1.8872845125024674e-17
1400000 0.7 2.0148712520162923e-17
1500000 0.75 2.161369419377657e-17
1600000 0.7999999999999999 2.3662434806740712e-17
1700000 0.85 2.5658515244019015e-17
1800000 0.8999999999999999 2.6032875955143547e-17
1900000 0.95 2.6501371994957362e-17
2000000 1.0 2.77114554040918e-17
2100000 1.05 2.950680758961073e-17
2200000 1.0999999999999999 3.0548631852650244e-17
2300000 1.15 3.2454813826427037e-17
2400000 1.2 3.4529793108995335e-17
2500000 1.25 3.6032686528702136e-17
2600000 1.3 3.727795205725974e-17
2700000 1.3499999999999999 3.863340578161498e-17
2800000 1.4 4.0163692348716184e-17
2900000 1.45 4.1539733099972505e-17
3000000 1.5 4.237466297814945e-17
3100000 1.5499999999999998 4.4105372128993045e-17
3200000 1.5999999999999999 4.49335297479555e-17
3300000 1.65 4.6614951289164716e-17
3400000 1.7 4.837312930569092e-17
3500000 1.75 4.970121631426277e-17
3600000 1.7999999999999998 5.1357143134890264e-17
3700000 1.8499999999999999 5.3323509451914634e-17
3800000 1.9 5.5464885848475606e-17
3900000 1.95 5.691989130047208e-17
4000000 2.0 5.773042556916597e-17
4100000 2.05 5.887747101878813e-17
4200000 2.1 5.938519593062015e-17
4300000 2.15 6.069690188521805e-17
4400000 2.1999999999999997 6.175908709354404e-17
4500000 2.25 6.318348411178343e-17
4600000 2.3 6.48836377492263e-17
4700000 2.35 6.65441993854938e-17
4800000 2.4 6.831124767709818e-17
4900000 2.4499999999999997 6.891101416224877e-17
5000000 2.5 7.013483006686258e-17
5100000 2.55 7.148264539426153e-17
5200000 2.6 7.20159388881793e-17
5300000 2.65 7.319844939953905e-17
5400000 2.6999999999999997 7.455623200460544e-17
5500000 2.75 7.561957439431229e-17
5600000 2.8 7.726487044959044e-17
5700000 2.85 7.923276471645591e-17
5800000 2.9 7.98101663008467e-17
5900000 2.9499999999999997 8.071761357639663e-17
6000000 3.0 8.215742237099322e-17
6100000 3.05 8.448950266580345e-17
6200000 3.0999999999999996 8.628030788375268e-17
6300000 3.15 8.751249960233083e-17
6400000 3.1999999999999997 8.913015806068443e-17
6500000 3.25 9.091540985828487e-17
6600000 3.3 9.263614984171724e-17
6700000 3.3499999999999996 9.459501839444576e-17
6800000 3.4 9.606803837261096e-17
6900000 3.4499999999999997 9.770081456387861e-17
7000000 3.5 9.88778241180455e-17
7100000 3.55 1.005012925163609e-16
7200000 3.5999999999999996 1.0155653880254183e-16
7300000 3.65 1.034106731874864e-16
7400000 3.6999999999999997 1.0428002311788266e-16
7500000 3.75 1.0544891250975807e-16
7600000 3.8 1.0695110422912911e-16
7700000 3.8499999999999996 1.0872101784251201e-16
7800000 3.9 1.1023281392291649e-16
7900000 3.9499999999999997 1.119718821230892e-16
8000000 4.0 1.1323208888532262e-16
8100000 4.05 1.1470994368064054e-16
8200000 4.1 1.1612332861525646e-16
8300000 4.1499999999999995 1.169825463570406e-16
8400000 4.2 1.1931478376196866e-16
8500000 4.25 1.2021026814585744e-16
8600000 4.3 1.217650594805034e-16
8700000 4.35 1.2329147566153186e-16
8800000 4.3999999999999995 1.2570979393394926e-16
8900000 4.45 1.2682671053955688e-16
9000000 4.5 1.2883816917119702e-16
9100000 4.55 1.3055467546304875e-16
9200000 4.6 1.3119858606346647e-16
9300000 4.6499999999999995 1.326360663978973e-16
9400000 4.7 1.3405736282555748e-16
9500000 4.75 1.3566424646667321e-16
9600000 4.8 1.3707468965864393e-16
9700000 4.85 1.3867913188857718e-16
9800000 4.8999999999999995 1.400719337424597e-16
9900000 4.95 1.4249456981460138e-16
10000000 5.0 1.4406547178180456e-16
10100000 5.05 1.4595890026739225e-16
10200000 5.1 1.468412451426891e-16
10300000 5.1499999999999995 1.4711398115737487e-16
10400000 5.2 1.4877627633692971e-16
10500000 5.25 1.5039792997547295e-16
10600000 5.3 1.5169900100618813e-16
10700000 5.35 1.5382219912550765e-16
10800000 5.3999999999999995 1.5499927364364827e-16
10900000 5.45 1.561289538768612e-16
11000000 5.5 1.5779037000826312e-16
11100000 5.55 1.5985379988805956e-16
11200000 5.6 1.6132525920143674e-16
11300000 5.6499999999999995 1.628595815445414e-16
11400000 5.7 1.6427862772533943e-16
11500000 5.75 1.6598107246617102e-16
11600000 5.8 1.671658875339644e-16
11700000 5.85 1.6957553354247375e-16
11800000 5.8999999999999995 1.7052700083239977e-16
11900000 5.949999999999999 1.7240050232101223e-16
12000000 6.0 1.7371686100315215e-16
12100000 6.05 1.7532851050912164e-16
12200000 6.1 1.7610204287292943e-16
12300000 6.1499999999999995 1.779534285858971e-16
12400000 6.199999999999999 1.7955517646666302e-16
12500000 6.25 1.8118739739135218e-16
12600000 6.3 1.8243580213237884e-16
12700000 6.35 1.8390025009611279e-16
12800000 6.3999999999999995 1.8486587046060433e-16
12900000 6.449999999999999 1.864787807815399e-16
13000000 6.5 1.8816993653521662e-16
13100000 6.55 1.8924195852021282e-16
13200000 6.6 1.9064702495076433e-16
13300000 6.6499999999999995 1.9139618342865545e-16
13400000 6.699999999999999 1.936395169784851e-16
13500000 6.75 1.9488501959603474e-16
13600000 6.8 1.9669415156080778e-16
13700000 6.85 1.984670464908836e-16
13800000 6.8999999999999995 1.997112995203371e-16
13900000 6.949999999999999 2.011756535603442e-16
14000000 7.0 2.025327849841666e-16
14100000 7.05 2.0460888534173522e-16
14200000 7.1 2.054653419628023e-16
14300000 7.1499999999999995 2.0722139487029713e-16
14400000 7.199999999999999 2.0926315066070406e-16
14500000 7.25 2.1055876316489084e-16
14600000 7.3 2.1226655379287883e-16
14700000 7.35 2.1360112548920396e-16
14800000 7.3999999999999995 2.1506816107090989e-16
14900000 7.449999999999999 2.1617929900305644e-16
15000000 7.5 2.178904805684885e-16
15100000 7.55 2.192649563211294e-16
15200000 7.6 2.2031839316010233e-16
15300000 7.6499999999999995 2.2161000866666393e-16
15400000 7.699999999999999 2.23156900675183e-16
15500000 7.75 2.2479188603714256e-16
15600000 7.8 2.265932638751564e-16
15700000 7.85 2.28207236578075e-16
15800000 7.8999999999999995 2.289952384893946e-16
15900000 7.949999999999999 2.3017057959066604e-16
16000000 8.0 2.3125138482473286e-16
16100000 8.049999999999999 2.3262938526542306e-16
16200000 8.1 2.3455964431138717e-16
16300000 8.15 2.3582405465777115e-16
16400000 8.2 2.363085988207385e-16
16500000 8.25 2.37103670665658e-16
16600000 8.299999999999999 2.385380871233856e-16
16700000 8.35 2.398835942865093e-16
16800000 8.4 2.4096568707555446e-16
16900000 8.45 2.4309407972264274e-16
17000000 8.5 2.4451455607547633e-16
17100000 8.549999999999999 2.461524981575102e-16
17200000 8.6 2.471638731433152e-16
17300000 8.65 2.479944563292059e-16
17400000 8.7 2.492187672826168e-16
17500000 8.75 2.5108960711561197e-16
17600000 8.799999999999999 2.5302086521763327e-16
17700000 8.85 2.551015535671795e-16
17800000 8.9 2.566289763969434e-16
17900000 8.95 2.5799377562169284e-16
18000000 9.0 2.5953718355868145e-16
18100000 9.049999999999999 2.613097777318975e-16
18200000 9.1 2.626616797222033e-16
18300000 9.15 2.64354641756006e-16
18400000 9.2 2.6642431886976763e-16
18500000 9.25 2.6762291214144854e-16
18600000 9.299999999999999 2.6910929157400265e-16
18700000 9.35 2.7016430906679204e-16
18800000 9.4 2.7192066209294557e-16
18900000 9.45 2.7383693792619427e-16
19000000 9.5 2.7510209848160377e-16
19100000 9.549999999999999 2.777497364796887e-16
19200000 9.6 2.791823612980334e-16
19300000 9.65 2.810908345170723e-16
19400000 9.7 2.8343101998359245e-16
19500000 9.75 2.860771809535443e-16
19600000 9.799999999999999 2.872409242798053e-16
19700000 9.85 2.888932999654674e-16
19800000 9.9 2.9099917948933375e-16
19900000 9.95 2.919501715949265e-16
20000000 10.0 2.9309553325314585e-16
