1.0 0.2696 0.0
2.0 0.5393 0.0
3.0 0.8089 310.159
4.0 1.0786 309.532
5.0 1.3482 306.229
6.0 1.6179 305.399
7.0 1.8875 304.561
8.0 2.1571 305.106
9.0 2.4268 304.661
10.0 2.6964 304.361
11.0 2.9661 304.227
12.0 3.2357 304.268
13.0 3.5054 304.326
14.0 3.775 304.376
15.0 4.0446 304.032
16.0 4.3143 303.683
17.0 4.5839 303.527
18.0 4.8536 303.662
19.0 5.1232 303.708
20.0 5.3929 303.866
21.0 5.6625 303.749
22.0 5.9321 303.487
23.0 6.2018 303.23
24.0 6.4714 303.124
25.0 6.7411 302.772
26.0 7.0107 302.781
27.0 7.2804 302.455
28.0 7.55 302.481
29.0 7.8196 302.388
30.0 8.0893 302.235
31.0 8.3589 302.558
32.0 8.6286 302.439
33.0 8.8982 302.784
34.0 9.1679 302.385
35.0 9.4375 302.528
36.0 9.7071 302.486
37.0 9.9768 302.203
38.0 10.2464 302.008
39.0 10.5161 301.867
40.0 10.7857 302.156
41.0 11.0554 301.778
42.0 11.325 301.62
43.0 11.5946 301.923
44.0 11.8643 301.756
45.0 12.1339 301.478
46.0 12.4036 301.578
47.0 12.6732 301.382
48.0 12.9429 301.79
49.0 13.2125 301.582
50.0 13.4821 301.263
51.0 13.7518 301.282
52.0 14.0214 300.944
53.0 14.2911 301.17
54.0 14.5607 300.773
55.0 14.8304 300.731
56.0 15.1 301.183
57.0 15.3697 300.86
58.0 15.6393 300.407
59.0 15.9089 300.417
60.0 16.1786 300.388
61.0 16.4482 300.383
62.0 16.7179 300.322
63.0 16.9875 300.476
64.0 17.2572 300.241
65.0 17.5268 300.024
66.0 17.7964 299.956
67.0 18.0661 300.311
68.0 18.3357 300.088
69.0 18.6054 299.799
70.0 18.875 299.653
71.0 19.1447 299.263
72.0 19.4143 299.338
73.0 19.6839 299.257
74.0 19.9536 299.053
75.0 20.2232 299.102
76.0 20.4929 298.804
77.0 20.7625 298.728
78.0 21.0322 299.035
79.0 21.3018 298.692
80.0 21.5714 298.937
81.0 21.8411 298.861
82.0 22.1107 298.513
83.0 22.3804 298.324
84.0 22.65 298.124
85.0 22.9197 298.14
86.0 23.1893 297.933
87.0 23.4589 297.996
88.0 23.7286 297.746
89.0 23.9982 297.877
90.0 24.2679 297.374
91.0 24.5375 297.719
92.0 24.8072 297.409
93.0 25.0768 297.135
94.0 25.3464 297.189
95.0 25.6161 297.065
96.0 25.8857 297.141
97.0 26.1554 297.206
98.0 26.425 297.059
99.0 26.6947 296.767
100.0 26.9643 296.349
101.0 27.2339 296.522
102.0 27.5036 296.151
103.0 27.7732 296.019
104.0 28.0429 295.927
105.0 28.3125 295.604
106.0 28.5822 295.256
107.0 28.8518 295.168
108.0 29.1214 295.543
109.0 29.3911 295.934
110.0 29.6607 295.317
111.0 29.9304 295.374
112.0 30.2 295.408
113.0 30.4697 294.953
114.0 30.7393 294.916
115.0 31.0089 294.69
116.0 31.2786 293.858
117.0 31.5482 290.668
118.0 31.8179 290.211
119.0 32.0875 0.0
120.0 32.3572 0.0
121.0 32.6268 0.0
